camera_matrix: [320.0, 0.000000, 960.0, 0.000000,
                0.000000, 320.0, 320.0, 0.000000,
                0.000000, 0.000000, 1.000000, 0.000000]

rlc: [1.0 , 0.0 , 0.0,
      0.0 , 1.0 , 0.0,
      0.0 , 0.0 , 1.0]

tlc: [ 0.0, 0.0, -0.235]






